_C_3b99_5acd62c1_1 8c 0 2f8 0 0 20256820 0 2020207c 0 20202020 0 7c202568 0 20202020 0 68202020 0 207c2025 0 25682020 0 20207c20 0 68202020 0 207c2025 0 20202020 0 20256820 0 2020207c 0 20202020 0 20256820 0 2020207c 0 20202020 0 20256820 0 2020207c 0 68202020 0 207c2025 0 20202020 0 202568 
_C_3d95_5acd635a_1 8c 0 2d8 0 0 20256820 0 2020207c 0 20202020 0 7c202568 0 20202020 0 68202020 0 207c2025 0 25682020 0 20207c20 0 20256820 0 2020207c 0 20256820 0 2020207c 0 20202020 0 20256820 0 2020207c 0 20202020 0 20256820 0 2020207c 0 68202020 0 207c2025 0 20202020 0 202568 
_C_3747_5ad1444a_2 84 0 f 0 0 7ff8 
_C_3747_5ad1444a_1 8c 0 360 0 0 61746120 0 31355f64 0 207c2052 0 64617461 0 4f50325f 0 61207c20 0 5f646174 0 204f5031 0 3135207c 0 20575f52 0 7461207c 0 575f6461 0 72207c20 0 5f616464 0 207c2057 0 61646472 0 4f50325f 0 72207c20 0 5f616464 0 204f5031 0 5745207c 0 5231355f 0 45207c20 0 45475f57 0 74207c52 0 7c207273 0 636c6b20 
_C_35f9_5acd5ff7_3 84 0 e 0 0 3ff8 
_C_1aea_5acd2f05_1 8c 0 38 0 0 2e6d656d 0 726567 
_C_4134_5acd63ec_1 8c 0 2b8 0 0 20256820 0 2020207c 0 20256820 0 2020207c 0 25682020 0 20207c20 0 7c202568 0 68202020 0 207c2025 0 20202020 0 20256820 0 2020207c 0 20202020 0 20256820 0 2020207c 0 20202020 0 20256820 0 2020207c 0 68202020 0 207c2025 0 20202020 0 202568 
_C_404d_5acd63aa_1 8c 0 2c8 0 0 20256820 0 2020207c 0 68202020 0 207c2025 0 68202020 0 207c2025 0 25682020 0 20207c20 0 20256820 0 2020207c 0 68202020 0 207c2025 0 20202020 0 68202020 0 207c2025 0 20202020 0 68202020 0 207c2025 0 20202020 0 20256820 0 2020207c 0 25682020 0 20 
_C_3883_5acd61a8_1 8c 0 2f0 0 0 20256820 0 2020207c 0 20202020 0 7c202568 0 20202020 0 68202020 0 207c2025 0 68202020 0 207c2025 0 20202020 0 7c202568 0 20202020 0 20256820 0 2020207c 0 20202020 0 7c202568 0 20202020 0 68202020 0 207c2025 0 20202020 0 25682020 0 20207c20 0 68202020 0 2025 
_C_420c_5acd6402_1 8c 0 2c0 0 0 20256820 0 2020207c 0 25682020 0 20207c20 0 68202020 0 207c2025 0 20256820 0 2020207c 0 7c202568 0 20202020 0 25682020 0 20207c20 0 20202020 0 25682020 0 20207c20 0 20202020 0 25682020 0 20207c20 0 20202020 0 7c202568 0 20202020 0 20256820 
_C_3c90_5acd6318_2 8c 0 2f0 0 0 20256820 0 2020207c 0 20202020 0 7c202568 0 20202020 0 68202020 0 207c2025 0 25682020 0 20207c20 0 68202020 0 207c2025 0 20202020 0 7c202568 0 20202020 0 20202020 0 7c202568 0 20202020 0 20202020 0 7c202568 0 20202020 0 25682020 0 20207c20 0 68202020 0 2025 
_C_3f70_5acd637d_1 8c 0 2b8 0 0 20256820 0 2020207c 0 20256820 0 2020207c 0 25682020 0 20207c20 0 20256820 0 2020207c 0 7c202568 0 20202020 0 20256820 0 2020207c 0 20202020 0 20256820 0 2020207c 0 20202020 0 20256820 0 2020207c 0 68202020 0 207c2025 0 20202020 0 202568 
_C_3747_5ad1444a_3 8c 0 328 0 0 20256820 0 2020207c 0 25682020 0 20207c20 0 68202020 0 207c2025 0 20256820 0 2020207c 0 7c202568 0 20202020 0 25682020 0 20207c20 0 20202020 0 25682020 0 20207c20 0 20202020 0 25682020 0 20207c20 0 20202020 0 7c202568 0 20202020 0 20256820 0 2020207c 0 7c202562 0 62202020 0 25 
_C_3c90_5acd6318_1 84 0 d 0 0 1ff8 
_C_35f9_5acd5ff7_4 8c 0 2d8 0 0 20256820 0 2020207c 0 20202020 0 7c202568 0 20202020 0 68202020 0 207c2025 0 68202020 0 207c2025 0 20202020 0 7c202568 0 20202020 0 20256820 0 2020207c 0 20202020 0 7c202568 0 20202020 0 68202020 0 207c2025 0 20202020 0 7c202568 0 20202020 0 202568 
_C_35f9_5acd5ff7_1 84 0 20 0 0 0 
_C_35f9_5acd5ff7_2 8c 0 308 0 0 61746120 0 31355f64 0 207c2052 0 64617461 0 4f50325f 0 61207c20 0 5f646174 0 204f5031 0 3135207c 0 20575f52 0 7461207c 0 575f6461 0 72207c20 0 5f616464 0 207c2057 0 61646472 0 4f50325f 0 72207c20 0 5f616464 0 204f5031 0 5745207c 0 5231355f 0 45207c20 0 45475f57 0 52 
_C_396b_5acd61df_1 8c 0 2f8 0 0 20256820 0 2020207c 0 20202020 0 7c202568 0 20202020 0 68202020 0 207c2025 0 68202020 0 207c2025 0 20202020 0 7c202568 0 20202020 0 20256820 0 2020207c 0 20202020 0 20256820 0 2020207c 0 20202020 0 20256820 0 2020207c 0 68202020 0 207c2025 0 20202020 0 202568 
