_C_3086_5ad13ab7_1 8c 0 1f8 0 0 5f6f7574 0 44415441 0 6e207c20 0 54415f69 0 7c204441 0 44445220 0 207c2041 0 455f454e 0 20425954 0 5f52207c 0 204d454d 0 5f57207c 0 204d454d 0 7374207c 0 207c2072 0 636c6b 
_C_53db_5ace8592_1 8c 0 198 0 0 7c202568 0 20202020 0 25682020 0 20207c20 0 20202020 0 7c202568 0 20202020 0 20256820 0 2020207c 0 68202020 0 207c2025 0 20202020 0 202568 
_C_5691_5ace85d9_1 8c 0 160 0 0 7c202568 0 20202020 0 7c202568 0 20256820 0 2020207c 0 25682020 0 20207c20 0 20202020 0 7c202568 0 20202020 0 20256820 
_C_5598_5ace85c2_1 8c 0 168 0 0 7c202568 0 20202020 0 20256820 0 2568207c 0 20207c20 0 68202020 0 207c2025 0 20202020 0 20256820 0 2020207c 0 25682020 0 20 
_C_4d1b_5ace821e_2 8c 0 198 0 0 5f6f7574 0 44415441 0 6e207c20 0 54415f69 0 7c204441 0 44445220 0 207c2041 0 455f454e 0 20425954 0 5f52207c 0 204d454d 0 5f57207c 0 4d454d 
_C_528d_5ace8554_1 8c 0 1a0 0 0 7c202568 0 20202020 0 25682020 0 20207c20 0 20202020 0 25682020 0 20207c20 0 25682020 0 20207c20 0 20202020 0 7c202568 0 20202020 0 20256820 
_C_3086_5ad13ab7_3 8c 0 1b8 0 0 7c202568 0 20202020 0 7c202568 0 20256820 0 2020207c 0 25682020 0 20207c20 0 20202020 0 7c202568 0 20202020 0 20256820 0 25622020 0 20207c20 0 256220 
_C_4d1b_5ace821e_4 8c 0 1c0 0 0 7c202568 0 20202020 0 25682020 0 20207c20 0 20202020 0 25682020 0 20207c20 0 20202020 0 25682020 0 20207c20 0 20202020 0 7c202568 0 20202020 0 20256820 
_C_54bf_5ace85a7_1 8c 0 180 0 0 7c202568 0 20202020 0 25682020 0 20207c20 0 20256820 0 2020207c 0 25682020 0 20207c20 0 20202020 0 7c202568 0 20202020 0 20256820 
_C_4d1b_5ace821e_1 84 0 20 0 0 0 
_C_3086_5ad13ab7_2 84 0 b 0 0 7f8 
_C_4d1b_5ace821e_3 84 0 9 0 0 1f8 
_C_4a97_5ace7eb3_1 8c 0 60 0 0 2e6d656d 0 5f6d656d 0 6d61696e 
