_C_1694_5aecd235_2 8c 0 130 0 0 6c756573 0 72205661 0 69737465 0 9526567 0 2025680a 0 5043203d 0 25346409 0 65203d20 0 954696d 0 a09 
_C_7fff_5aed090c_2 8c 0 f0 0 0 3d202568 0 616c7320 0 7369676e 0 726f6c20 0 636f6e74 0 20256809 0 7374203d 0 696e 
_C_3079_5aed24ff_1 8c 0 138 0 0 3d202568 0 62096d20 0 203d2025 0 973656c 0 3d202568 0 9643220 0 3d202568 0 9643120 0 3d202568 0 643020 
_C_6e32_5aecfefc_2 94 0 40 0 0 1 0 0 
_C_75ad_5aed2b94_1 8c 0 100 0 0 3d202562 0 616c7320 0 7369676e 0 726f6c20 0 636f6e74 0 20256809 0 6465203d 0 6f70636f 
_C_fed_5aed0aea_1 8c 0 d0 0 0 3d202568 0 4f757420 0 58726567 0 25680944 0 6e203d20 0 72656749 0 4458 
_C_785a_5aece12a_3 8c 0 78 0 0 7565733a 0 2056616c 0 6d6f7279 0 94d65 
_C_785a_5aece12a_4 8c 0 d8 0 0 3d202568 0 30325d20 0 6d656d5b 0 20246809 0 305d203d 0 656d5b30 0 9096d 
_C_6922_5aecfe9e_1 8c 0 110 0 0 3d202568 0 52313320 0 20256809 0 5239203d 0 20256809 0 5235203d 0 20256809 0 5231203d 0 909 
_C_6922_5aecfe9e_3 8c 0 120 0 0 2025680a 0 3135203d 0 25680952 0 31203d20 0 68095231 0 203d2025 0 68095237 0 203d2025 0 9095233 
_C_4d07_5aed189a_1 8c 0 1b0 0 0 3d202568 0 6f757420 0 9616c75 0 3d202568 0 75623220 0 6809616c 0 203d2025 0 6c756231 0 25680961 0 32203d20 0 616c7561 0 20256809 0 7531203d 0 616c 
_C_3e0a_5aed1312_1 8c 0 d0 0 0 3d202568 0 4f757420 0 4d726567 0 25680945 0 6e203d20 0 72656749 0 454d 
_C_1e55_5aed235b_1 8c 0 228 0 0 3d202562 0 656d5220 0 2562096d 0 57203d20 0 96d656d 0 3d202562 0 9424520 0 3d202568 0 4f757420 0 61746120 0 25680944 0 6e203d20 0 61746149 0 68092064 0 203d2025 0 41646472 0 61746120 0 44 
_C_6b71_5aed3394_1 8c 0 80 0 0 3d202568 0 6f757420 0 20256809 0 696e203d 
_C_67a_5aed00c6_1 8c 0 d0 0 0 3d202568 0 4f757420 0 44726567 0 25680946 0 6e203d20 0 72656769 0 4644 
_C_173b_5aecf800_2 8c 0 d8 0 0 3d202568 0 30415d20 0 6d656d5b 0 20256809 0 385d203d 0 656d5b30 0 9096d 
_C_6922_5aecfe9e_2 8c 0 118 0 0 3d202568 0 52313420 0 20256809 0 3130203d 0 25680952 0 36203d20 0 25680952 0 32203d20 0 90952 
_C_17c_5aed2016_1 8c 0 d0 0 0 3d202568 0 4f757420 0 57726567 0 2568094d 0 6e203d20 0 72656749 0 4d57 
_C_584f_5aecdc49_1 8c 0 68 0 0 3d202562 0 69746520 0 70635772 0 a 
_C_6e32_5aecfefc_1 8c 0 118 0 0 3d202568 0 52313520 0 20256809 0 3131203d 0 25680952 0 37203d20 0 25680952 0 33203d20 0 90952 
_C_1694_5aecd235_1 80 0 1 0 0 
_C_785a_5aece12a_2 8c 0 120 0 0 25682f6e 0 32203d20 0 68095231 0 203d2025 0 68095238 0 203d2025 0 68095234 0 203d2025 0 9095230 
_C_7fff_5aed090c_1 8c 0 198 0 0 3d202568 0 61746120 0 6f703244 0 20256809 0 7461203d 0 70314461 0 2568096f 0 72203d20 0 32416464 0 68096f70 0 203d2025 0 41646472 0 6f7031 
_C_173b_5aecf800_1 8c 0 d8 0 0 3d202568 0 30365d20 0 6d656d5b 0 20256809 0 345d203d 0 656d5b30 0 9096d 
_C_3cb5_5aed1280_2 8c 0 138 0 0 3d202568 0 6f646520 0 46756e43 0 9616c75 0 3d202568 0 496e4220 0 9616c75 0 3d202568 0 496e4120 0 616c75 
_C_785a_5aece12a_1 8c 0 138 0 0 7565733a 0 2056616c 0 73746572 0 52656769 0 25680a09 0 43203d20 0 34640950 0 203d2025 0 54696d65 0 a0909 
_C_7b27_5aece19e_1 8c 0 d8 0 0 3d202568 0 30325d20 0 6d656d5b 0 20256809 0 305d203d 0 656d5b30 0 9096d 
_C_29cb_5aecd70a_1 8c 0 118 0 0 2025680a 0 3132203d 0 25680952 0 38203d20 0 25680952 0 34203d20 0 25680952 0 30203d20 0 90952 
_C_3cb5_5aed1280_1 8c 0 150 0 0 3d202568 0 75623220 0 6809616c 0 203d2025 0 6c756231 0 25680961 0 32203d20 0 616c7561 0 20256809 0 7531203d 0 616c 
_C_29a8_5aed0369_1 8c 0 140 0 0 3d202562 0 69746520 0 5f645772 0 25680966 0 74203d20 0 65674f75 0 9464472 0 3d202568 0 67696e20 0 46447265 
_C_7dcd_5aed4144_1 8c 0 f8 0 0 3d202568 0 4f757420 0 9616c75 0 3d202568 0 6c754220 0 25680961 0 41203d20 0 616c75 
_C_722c_5aecdf6b_1 8c 0 110 0 0 3d202568 0 52313220 0 20256809 0 5238203d 0 20256809 0 5234203d 0 20256809 0 5230203d 0 909 
_C_644e_5aed1c92_1 8c 0 1b8 0 0 3d202562 0 656d5220 0 2562096d 0 57203d20 0 96d656d 0 3d202562 0 9424520 0 3d202568 0 61496e20 0 20646174 0 20256809 0 6472203d 0 61204164 0 446174 
