_C_4f05_5ae792c8_1 8c 0 338 0 0 20256220 0 2020207c 0 7c202562 0 25622020 0 20207c20 0 20202020 0 7c202562 0 20202020 0 7c202562 0 62202020 0 207c2025 0 25622020 0 20207c20 0 62202020 0 207c2025 0 20202020 0 7c202562 0 20202020 0 20256220 0 2020207c 0 20202020 0 7c202562 0 20202020 0 20256220 0 2020207c 0 202562 
_C_4cb5_5ae792af_1 8c 0 338 0 0 20256220 0 2020207c 0 7c202562 0 25622020 0 20207c20 0 20202020 0 7c202562 0 20202020 0 7c202562 0 62202020 0 207c2025 0 25622020 0 20207c20 0 62202020 0 207c2025 0 62202020 0 207c2025 0 20202020 0 20256220 0 2020207c 0 20202020 0 7c202562 0 20202020 0 20256220 0 2020207c 0 202562 
_C_458c_5ae7924b_2 8c 0 380 0 0 636c7220 0 465f4944 0 207c2049 0 52313577 0 70207c20 0 7c206a6d 0 684f5020 0 62726e63 0 68207c20 0 62726e63 0 52207c20 0 206d656d 0 6d57207c 0 7c206d65 0 65454e20 0 20627974 0 4f50207c 0 20616c75 0 6342207c 0 6c755372 0 207c2061 0 53726341 0 20616c75 0 6465207c 0 6e63436f 0 7c204675 0 63496e20 0 2066756e 
_C_4966_5ae7927c_1 8c 0 340 0 0 20256220 0 2020207c 0 7c202562 0 25622020 0 20207c20 0 20202020 0 7c202562 0 20202020 0 7c202562 0 62202020 0 207c2025 0 25622020 0 20207c20 0 62202020 0 207c2025 0 62202020 0 207c2025 0 20202020 0 20256220 0 2020207c 0 62202020 0 207c2025 0 20202020 0 20256220 0 2020207c 0 20256220 
_C_5153_5ae792e6_1 8c 0 340 0 0 20256220 0 2020207c 0 7c202562 0 25622020 0 20207c20 0 20202020 0 7c202562 0 20202020 0 7c202562 0 62202020 0 207c2025 0 25622020 0 20207c20 0 62202020 0 207c2025 0 62202020 0 207c2025 0 20202020 0 25622020 0 20207c20 0 20202020 0 20256220 0 2020207c 0 25622020 0 20207c20 0 20256220 
_C_3d10_5ae7ca34_1 8c 0 360 0 0 20256220 0 2020207c 0 7c202562 0 25622020 0 20207c20 0 20202020 0 7c202562 0 20202020 0 25622020 0 20207c20 0 25622020 0 20207c20 0 25622020 0 20207c20 0 20202020 0 7c202562 0 62202020 0 207c2025 0 20202020 0 25622020 0 20207c20 0 20202020 0 20256220 0 2020207c 0 25622020 0 20207c20 0 20256220 
_C_458c_5ae7924b_4 8c 0 350 0 0 20256220 0 2020207c 0 7c202562 0 25622020 0 20207c20 0 20202020 0 7c202562 0 20202020 0 7c202562 0 62202020 0 207c2025 0 25622020 0 20207c20 0 62202020 0 207c2025 0 62202020 0 207c2025 0 20202020 0 20256220 0 2020207c 0 62202020 0 207c2025 0 20202020 0 25622020 0 20207c20 0 62202020 0 2025 
_C_3e4d_5ae7ca82_1 8c 0 368 0 0 20256220 0 2020207c 0 20256220 0 2020207c 0 7c202562 0 20202020 0 25622020 0 20207c20 0 62202020 0 207c2025 0 62202020 0 207c2025 0 62202020 0 207c2025 0 20202020 0 20256220 0 2020207c 0 7c202562 0 20202020 0 62202020 0 207c2025 0 20202020 0 25622020 0 20207c20 0 62202020 0 207c2025 0 25622020 0 20 
_C_458c_5ae7924b_3 84 0 10 0 0 fff8 
_C_458c_5ae7924b_1 84 0 20 0 0 0 
