_C_5b17_5aea84e6_1 8c 0 168 0 0 73756c74 0 7c207265 0 72756520 0 6a6d7054 0 6e207c20 0 67313549 0 7c207265 0 496e2020 0 20726567 0 496e207c 0 696e7374 0 20 
_C_5b17_5aea84e6_3 8c 0 e8 0 0 7c202564 0 62202020 0 207c2025 0 20256420 0 6420207c 0 207c2025 0 25622020 0 20 
_C_6514_5aea87b2_1 8c 0 110 0 0 7c202564 0 20202020 0 62202020 0 207c2025 0 25642020 0 20207c20 0 7c202564 0 62202020 0 2025 
_C_6432_5aea8783_1 8c 0 108 0 0 7c202564 0 20202020 0 25622020 0 20207c20 0 20256420 0 6420207c 0 207c2025 0 25622020 0 20 
_C_e5f_5aea80bc_3 84 0 7 0 0 78 
_C_75c9_5aec2412_1 8c 0 100 0 0 7c202564 0 20202020 0 62202020 0 207c2025 0 25642020 0 20207c20 0 7c202564 0 20256220 
_C_5b17_5aea84e6_2 84 0 8 0 0 f8 
_C_4a61_5aea828f_1 8c 0 b0 0 0 7c202562 0 25642020 0 20207c20 0 7c202564 0 62202020 0 2025 
_C_e5f_5aea80bc_4 8c 0 d0 0 0 7c202562 0 20202020 0 7c202564 0 20202020 0 7c202564 0 62202020 0 2025 
_C_e5f_5aea80bc_1 84 0 20 0 0 0 
_C_e5f_5aea80bc_2 8c 0 120 0 0 54727565 0 206a6d70 0 496e207c 0 65673135 0 207c2072 0 67496e20 0 7c207265 0 74496e20 0 20696e73 
